0.11422 0.0350235 0.0855887 0.0353854 0.0603398 0.308 0.0432691 0.044456 0.0634794 0.210237 
-0.100366 -0.581305 
-0.307941 -0.511384 
-0.158141 -0.574152 
-0.340851 -0.489785 
-0.217725 -0.555698 
-0.425472 -0.392376 
-0.374605 -0.462695 
-0.265864 -0.534426 
-0.40201 -0.434393 
-0.045281 -0.564225 
0.000727893 -7.28377e-06 
-7.28377e-06 0.000105046 
0.000641933 -0.000327367 
-0.000327367 0.000298928 
0.000870968 -0.000169966 
-0.000169966 0.000140526 
0.000566878 -0.000333248 
-0.000333248 0.000339633 
0.00086032 -0.000293831 
-0.000293831 0.000215132 
0.000116538 -2.83606e-05 
-2.83606e-05 0.000166405 
0.000508058 -0.000365879 
-0.000365879 0.000432982 
0.000773477 -0.000335039 
-0.000335039 0.000267892 
0.000262831 -0.0002076 
-0.0002076 0.000378147 
0.000160735 6.06087e-05 
6.06087e-05 0.000218355 
