0.03 0.065 0.045 0.035 0.03 0.035 0.02 0.035 0.01 0.02 0.03 0.03 0.04 0.035 0.03 0.055 0.035 0.035 0.055 0.025 0.03 0.035 0.025 0.035 0.04 0.03 0.035 0.035 0.02 0.02 
-0.0437115 -0.571977 
-0.425249 -0.392839 
-0.428234 -0.387069 
-0.0843096 -0.582358 
-0.131403 -0.580156 
-0.350327 -0.483657 
-0.0557942 -0.578379 
-0.43019 -0.388798 
-0.43035 -0.3893 
-0.295367 -0.519469 
-0.411788 -0.423019 
-0.429256 -0.388169 
-0.0408363 -0.558359 
-0.421435 -0.396852 
-0.102247 -0.582724 
-0.041119 -0.550183 
-0.0413358 -0.566143 
-0.378809 -0.460296 
-0.425311 -0.385963 
-0.272039 -0.532035 
-0.32033 -0.504358 
-0.151931 -0.576663 
-0.0670364 -0.580653 
-0.399468 -0.439564 
-0.178918 -0.569926 
-0.41891 -0.408461 
-0.24268 -0.546031 
-0.21098 -0.55905 
-0.048818 -0.575708 
-0.116465 -0.581912 
0.00010148 1.68466e-06 
1.68466e-06 0.000102016 
0.000101169 -3.73778e-07 
-3.73778e-07 0.000102034 
0.000100186 1.95576e-07 
1.95576e-07 0.000100317 
0.000137909 2.24875e-06 
2.24875e-06 0.000100137 
0.000130769 -4.18683e-06 
-4.18683e-06 0.000100571 
0.000192574 -6.94719e-05 
-6.94719e-05 0.000152167 
0.000107239 2.10974e-06 
2.10974e-06 0.000100617 
0.000100062 1.3214e-08 
1.3214e-08 0.000100034 
0.000100015 5.7955e-09 
5.7955e-09 0.000100002 
0.000143877 -2.50229e-05 
-2.50229e-05 0.000114272 
0.000108296 -1.34272e-05 
-1.34272e-05 0.00012179 
0.000100079 5.43349e-08 
5.43349e-08 0.000100094 
0.000100001 2.52863e-09 
2.52863e-09 0.000106831 
0.0001002 -1.0726e-06 
-1.0726e-06 0.000106878 
0.000126482 -7.29865e-07 
-7.29865e-07 0.000100023 
0.000100026 -3.29848e-07 
-3.29848e-07 0.000105135 
0.000100199 8.79927e-07 
8.79927e-07 0.000103966 
0.000161319 -5.53217e-05 
-5.53217e-05 0.000149943 
0.000100473 -4.54642e-07 
-4.54642e-07 0.000101523 
0.00016655 -3.40889e-05 
-3.40889e-05 0.000117464 
0.000181495 -5.18737e-05 
-5.18737e-05 0.000133027 
0.000152342 -1.06557e-05 
-1.06557e-05 0.000102174 
0.000120143 2.93713e-06 
2.93713e-06 0.000100431 
0.000124249 -2.81159e-05 
-2.81159e-05 0.000132653 
0.000191972 -2.71776e-05 
-2.71776e-05 0.000108044 
0.000102246 -6.39663e-06 
-6.39663e-06 0.00011845 
0.000202632 -4.56998e-05 
-4.56998e-05 0.000120357 
0.000192389 -3.47504e-05 
-3.47504e-05 0.000113077 
0.000103604 1.75246e-06 
1.75246e-06 0.000100858 
0.000114692 -1.28493e-06 
-1.28493e-06 0.000100113 
